011117.jpg
8
Bus 0.44 (890, 525) (1053, 735)
Car 0.46 (761, 641) (800, 765)
Car 0.74 (724, 634) (832, 767)
Truck 0.38 (1192, 241) (1228, 302)
Truck 0.43 (890, 525) (1053, 735)
Truck 0.51 (1327, 270) (1375, 341)
Truck 0.82 (1049, 286) (1109, 392)
Truck 0.94 (1264, 267) (1347, 408)
000008.jpg
9
Car 0.52 (199, 726) (290, 816)
Car 0.55 (186, 678) (237, 705)
Car 0.86 (50, 707) (115, 769)
Car 0.95 (705, 650) (756, 683)
Truck 0.41 (199, 726) (290, 816)
Truck 0.44 (713, 503) (755, 539)
Truck 0.56 (452, 586) (529, 694)
Truck 0.60 (889, 459) (917, 505)
Truck 0.91 (785, 601) (871, 689)
000009.jpg
5
Car 0.59 (610, 797) (681, 855)
Car 0.76 (609, 687) (689, 787)
Truck 0.31 (0, 734) (54, 992)
Truck 0.78 (623, 541) (683, 589)
Truck 0.84 (833, 561) (902, 609)
010120.jpg
1
Car 0.42 (973, 629) (1134, 847)
010121.jpg
3
Bus 0.48 (594, 691) (758, 894)
Car 0.79 (1221, 487) (1271, 527)
Truck 0.29 (594, 691) (758, 894)
010119.jpg
2
Truck 0.79 (842, 456) (949, 585)
Truck 0.88 (720, 494) (854, 797)
010118.jpg
3
Bus 0.29 (603, 680) (760, 850)
Car 0.31 (603, 680) (760, 850)
Truck 0.51 (601, 662) (769, 853)
002713.jpg
3
Truck 0.52 (649, 482) (706, 617)
Truck 0.59 (1244, 225) (1280, 296)
Truck 0.64 (620, 508) (734, 608)
002712.jpg
1
Truck 0.41 (997, 362) (1058, 416)
002710.jpg
2
Car 0.44 (378, 716) (473, 775)
Truck 0.76 (1216, 269) (1253, 312)
010117.jpg
3
Car 0.60 (630, 666) (712, 717)
Car 0.82 (1241, 461) (1276, 503)
Truck 0.59 (921, 616) (1118, 899)
002711.jpg
1
Truck 0.53 (1148, 296) (1196, 348)
002714.jpg
1
Truck 0.45 (1186, 254) (1228, 323)
011122.jpg
3
Car 0.72 (678, 684) (786, 789)
Truck 0.51 (975, 478) (1121, 676)
Truck 0.60 (1347, 269) (1391, 316)
000007.jpg
10
Car 0.26 (1041, 537) (1062, 561)
Car 0.48 (6, 859) (57, 1004)
Car 0.48 (771, 478) (793, 509)
Car 0.72 (370, 611) (406, 642)
Car 0.83 (537, 601) (586, 643)
Car 0.87 (306, 621) (366, 664)
Truck 0.64 (885, 473) (920, 519)
Truck 0.75 (679, 696) (777, 789)
Truck 0.83 (1075, 525) (1115, 571)
Truck 0.84 (625, 535) (689, 581)
000006.jpg
10
Car 0.30 (867, 507) (887, 538)
Car 0.72 (972, 592) (1009, 624)
Car 0.75 (665, 549) (690, 571)
Car 0.85 (435, 577) (465, 603)
Car 0.87 (395, 712) (462, 751)
Car 0.93 (555, 615) (596, 639)
Truck 0.37 (399, 840) (585, 1080)
Truck 0.39 (872, 486) (911, 545)
Truck 0.73 (1036, 557) (1096, 637)
Truck 0.77 (689, 489) (733, 546)
011123.jpg
7
Car 0.37 (196, 567) (357, 905)
Car 0.60 (917, 403) (988, 445)
Car 0.96 (1097, 432) (1165, 479)
Truck 0.33 (85, 652) (458, 802)
Truck 0.43 (1224, 241) (1255, 280)
Truck 0.54 (1018, 481) (1126, 677)
Truck 0.56 (196, 567) (357, 905)
011121.jpg
7
Car 0.85 (824, 595) (918, 699)
Car 0.87 (1238, 327) (1278, 370)
Truck 0.29 (1103, 281) (1158, 349)
Truck 0.39 (1077, 272) (1185, 357)
Truck 0.53 (0, 699) (511, 799)
Truck 0.69 (1378, 198) (1402, 273)
Truck 0.79 (1320, 276) (1371, 347)
000005.jpg
8
Car 0.26 (811, 555) (841, 583)
Car 0.71 (453, 548) (477, 568)
Car 0.82 (670, 568) (704, 600)
Car 0.84 (830, 733) (888, 799)
Car 0.85 (1076, 539) (1099, 562)
Truck 0.28 (729, 500) (764, 535)
Truck 0.39 (840, 521) (902, 593)
Truck 0.75 (955, 602) (1058, 749)
011120.jpg
5
Bus 0.41 (891, 538) (1044, 750)
Car 0.51 (1303, 302) (1346, 350)
Car 0.59 (1315, 328) (1347, 361)
Car 0.78 (1298, 284) (1338, 336)
Truck 0.43 (884, 550) (1056, 734)
011118.jpg
4
Truck 0.46 (1371, 212) (1413, 288)
Truck 0.70 (199, 605) (425, 795)
Truck 0.81 (1138, 273) (1196, 333)
Truck 0.82 (1310, 253) (1359, 325)
011124.jpg
5
Car 0.89 (1017, 361) (1066, 403)
Car 0.97 (1042, 469) (1115, 517)
Truck 0.46 (1189, 318) (1343, 451)
Truck 0.68 (1126, 264) (1183, 342)
Truck 0.91 (154, 634) (466, 803)
011125.jpg
2
Car 0.38 (1249, 247) (1283, 280)
Truck 0.87 (321, 558) (603, 749)
011119.jpg
7
Car 0.33 (1005, 340) (1046, 379)
Car 0.85 (1033, 460) (1113, 508)
Truck 0.27 (1294, 210) (1320, 262)
Truck 0.34 (1397, 205) (1416, 269)
Truck 0.46 (177, 628) (428, 780)
Truck 0.47 (1158, 343) (1263, 506)
Truck 0.66 (1385, 212) (1410, 261)
011126.jpg
7
Car 0.36 (1153, 284) (1179, 320)
Car 0.63 (771, 643) (862, 759)
Car 0.81 (1153, 398) (1202, 437)
Car 0.83 (1132, 472) (1225, 507)
Car 0.92 (1226, 358) (1275, 402)
Truck 0.79 (178, 598) (492, 746)
Truck 0.87 (1313, 261) (1389, 345)